10001100
00000001
00000000
00000000
00000011
11111111
11111000
00100001
00000011
11011110
11110000
00100001
00000011
10111101
11101000
00100001
00000011
10011100
11100000
00100001
10001100
00100010
00000000
00000000
00000011
11111111
11111000
00100001
00000011
11011110
11110000
00100001
00000011
10111101
11101000
00100001
00000011
10011100
11100000
00100001
10001100
00000011
00000000
00001000
00000011
11111111
11111000
00100001
00000011
11011110
11110000
00100001
00000011
10111101
11101000
00100001
00000011
10011100
11100000
00100001
00000000
01000011
00011000
00100001
10001100
00000100
00000000
00010000
00000011
11111111
11111000
00100001
00000011
11011110
11110000
00100001
00000011
10111101
11101000
00100001
00000011
10011100
11100000
00100001
10101100
10000011
00000000
00001000
11111111
11111111
11111111
11111111
